0 0.480469 0.319824 0.263021 0.077148
0 0.194010 0.208496 0.286458 0.079102
0 0.604818 0.183594 0.217448 0.085938
0 0.853516 0.190918 0.292969 0.081055
0 0.203776 0.495117 0.259115 0.076172
0 0.180990 0.711426 0.229167 0.081055
0 0.565104 0.756836 0.205729 0.074219
0 0.421875 0.580566 0.270833 0.083008
0 0.373047 0.822266 0.214844 0.050781
0 0.667318 0.319336 0.207031 0.058594
0 0.107422 0.097168 0.212240 0.108398
0 0.554688 0.087402 0.299479 0.083008
0 0.779297 0.053223 0.220052 0.104492
0 0.080729 0.601562 0.158854 0.054688
0 0.789714 0.544434 0.256510 0.059570
0 0.745443 0.493652 0.217448 0.059570
0 0.455729 0.383789 0.257812 0.083984
0 0.174479 0.341797 0.234375 0.066406
0 0.497396 0.864746 0.192708 0.069336
0 0.509115 0.665527 0.265625 0.114258
0 0.740885 0.815430 0.221354 0.058594
0 0.077474 0.795898 0.152344 0.070312
0 0.413411 0.447754 0.201823 0.071289
0 0.167969 0.387695 0.161458 0.058594
0 0.720703 0.417969 0.313802 0.105469
