0 0.202474 0.490234 0.389323 0.134766
0 0.244141 0.184570 0.404948 0.144531
0 0.712891 0.298340 0.355469 0.104492
0 0.377604 0.319824 0.348958 0.102539
0 0.521484 0.407227 0.423177 0.125000
0 0.647135 0.595703 0.421875 0.119141
0 0.242188 0.740723 0.325521 0.104492
0 0.604818 0.871094 0.316406 0.136719
0 0.559245 0.714355 0.339844 0.124023
0 0.511719 0.099121 0.299479 0.137695
0 0.760417 0.164062 0.375000 0.109375
0 0.839193 0.528809 0.321615 0.084961
0 0.839193 0.438965 0.321615 0.155273
0 0.852214 0.714844 0.295573 0.099609
0 0.335938 0.867188 0.312500 0.138672
