0 0.229167 0.155273 0.250000 0.097656
0 0.522786 0.260742 0.259115 0.097656
0 0.373698 0.299805 0.263021 0.080078
0 0.195964 0.377441 0.199219 0.114258
0 0.325521 0.520020 0.148438 0.124023
0 0.518229 0.533691 0.257812 0.073242
0 0.566406 0.774414 0.377604 0.115234
0 0.733073 0.678711 0.361979 0.187500
0 0.809245 0.363770 0.313802 0.120117
0 0.046224 0.147949 0.089844 0.088867
0 0.270182 0.650391 0.188802 0.097656
0 0.460286 0.875977 0.246094 0.189453
0 0.402995 0.356445 0.282552 0.103516
0 0.339844 0.392090 0.218750 0.104492
